******************************
START TEST 11/17/2020 19:45:40
******************************
******************************
START TEST 11/17/2020 19:50:53
******************************
******************************
START TEST 11/17/2020 21:06:38
******************************
******************************
START TEST 11/17/2020 21:46:35
******************************

TEST5
	rule3MAMTWithClue
		6724.1, 33026563.689999998
		5251.7, 15368574.010000002
		2701.5, 17697506.05
		3269.3, 22972116.009999998
		7146.8, 209343158.15999997
		5730.0, 50044306.2
		3386.5, 28360979.85
		2332.1, 6644363.6899999995
		8592.2, 78465507.56
		8719.0, 78228652.2
		4826.6, 36381549.44000001
		7551.6, 57827407.64000001
		8096.4, 60811807.84000001
		9407.8, 102467581.96
		3454.9, 8850781.89
		8235.0, 82819291.0
		5447.3, 59075976.010000005
		4798.8, 8855906.360000001
		7723.1, 52256028.69
		4404.5, 23771355.25
		3614.2, 10096153.959999999
		4541.3, 30536366.410000004
		5445.2, 33893912.76
		8181.6, 117430434.63999999
		4154.0, 31633469.0
		6018.5, 27486073.65
		7596.9, 27791113.889999997
		5155.2, 73473275.56000002
		6329.4, 104851810.03999999
		10660.2, 97952150.36000001
	OVERALL: 5983.1900000000005, 4503665.788233334
	rule3MAMTExtra
		2998.7, 10209350.41
		6534.1, 101677744.09
		3011.1, 41331149.09
		4960.1, 40228130.49
		6598.2, 160358009.56
		5925.6, 50336679.24
		6878.5, 42992889.85
		6919.5, 90256541.45
		6782.4, 35360396.239999995
		8442.8, 61550220.95999999
		2179.6, 11673744.039999997
		5859.8, 8758500.96
		5252.0, 42461056.8
		5072.6, 26488725.639999997
		8732.7, 130176499.01000002
		3274.2, 5412462.360000001
		4290.3, 28326514.410000004
		5025.8, 55396407.36
		976.9, 734185.49
		10443.5, 142244747.25
		6980.6, 111356855.64000002
		2957.1, 19875969.289999995
		3558.6, 10540107.44
		2463.0, 15399495.0
		5390.6, 39711611.839999996
		7362.3, 29833059.809999995
		3570.9, 9939223.09
		5892.8, 43032533.160000004
		7663.4, 63026951.64
		5036.8, 26508133.76
	OVERALL: 5367.816666666666, 4539485.290722223
	improvedMAMTWithClue
		2003.5, 3547372.65
		3921.3, 38940476.410000004
		3403.7, 40583210.61
		7067.5, 40213665.05
		3156.2, 10284971.159999998
		4346.0, 40661604.6
		2302.5, 8640860.25
		3358.7, 16201156.41
		3655.4, 26906924.040000003
		1752.8, 3782708.5599999996
		6050.8, 25288754.759999998
		4064.4, 15895396.440000001
		6196.8, 57270388.96
		1572.2, 3570996.360000001
		3599.9, 12689802.690000001
		2202.6, 5189825.639999999
		1238.7, 697072.4099999999
		2180.2, 12914573.36
		4589.9, 28288287.089999996
		2849.1, 8169127.089999999
		3542.0, 32442920.4
		3874.5, 40165622.25
		4233.8, 36429375.760000005
		4666.0, 23620270.8
		4348.8, 14064124.760000002
		2647.5, 7836564.45
		3412.5, 7776028.05
		3339.4, 37297440.63999999
		3350.6, 14259800.84
		8252.2, 51534822.36
	OVERALL: 3705.983333333333, 2444867.661388889
	improvedMAMTExtra
		3628.7, 13201244.01
		2431.3, 3383889.6100000003
		4391.1, 26326013.889999997
		5000.3, 17985506.009999998
		5304.0, 16457737.2
		4476.2, 40867388.160000004
		4178.3, 16195000.010000002
		6032.5, 122855001.85
		3200.0, 17066993.6
		5516.4, 85185298.63999999
		2929.4, 11156050.640000002
		2332.2, 7543158.159999999
		2285.2, 2807417.36
		4177.0, 15814647.4
		3185.5, 7358148.85
		4323.2, 10985818.959999999
		3242.1, 8604162.889999999
		4891.0, 18300498.8
		1027.5, 1895374.05
		3007.7, 11479229.41
		1321.4, 629540.0399999999
		2015.5, 2562115.05
		2127.0, 9586318.0
		5372.0, 42840279.2
		2131.6, 6785041.239999999
		5609.3, 11669975.41
		4977.1, 27205003.490000002
		2264.6, 3813113.439999999
		2933.0, 24384731.8
		2188.8, 1839836.1599999997
	OVERALL: 3549.9966666666674, 1884417.538988889



